   9.9990000e+03   3.0000000e+00   5.0000000e+00   4.8000000e+01   4.8000000e+01   8.0000000e+00   8.0000000e+00   5.0000000e+00   5.0000000e+00   3.0000000e+00   3.0000000e+00   0.0000000e+00   3.0000000e+00   5.0000000e+00   8.0000000e+00   8.0000000e+00   5.0000000e+00
   3.0000000e+00   9.9990000e+03   3.0000000e+00   4.8000000e+01   4.8000000e+01   8.0000000e+00   8.0000000e+00   5.0000000e+00   5.0000000e+00   0.0000000e+00   0.0000000e+00   3.0000000e+00   0.0000000e+00   3.0000000e+00   8.0000000e+00   8.0000000e+00   5.0000000e+00
   5.0000000e+00   3.0000000e+00   9.9990000e+03   7.4000000e+01   7.4000000e+01   5.0000000e+01   5.0000000e+01   2.6000000e+01   2.6000000e+01   3.0000000e+00   3.0000000e+00   5.0000000e+00   3.0000000e+00   0.0000000e+00   5.0000000e+01   5.0000000e+01   2.6000000e+01
   4.8000000e+01   4.8000000e+01   7.2000000e+01   9.9990000e+03   0.0000000e+00   6.0000000e+00   6.0000000e+00   1.2000000e+01   1.2000000e+01   4.8000000e+01   4.8000000e+01   4.8000000e+01   4.8000000e+01   7.2000000e+01   6.0000000e+00   6.0000000e+00   1.2000000e+01
   4.8000000e+01   4.8000000e+01   7.2000000e+01   0.0000000e+00   9.9990000e+03   6.0000000e+00   6.0000000e+00   1.2000000e+01   1.2000000e+01   4.8000000e+01   4.8000000e+01   4.8000000e+01   4.8000000e+01   7.2000000e+01   6.0000000e+00   6.0000000e+00   1.2000000e+01
   8.0000000e+00   8.0000000e+00   4.8000000e+01   6.0000000e+00   6.0000000e+00   9.9990000e+03   0.0000000e+00   8.0000000e+00   8.0000000e+00   8.0000000e+00   8.0000000e+00   8.0000000e+00   8.0000000e+00   4.8000000e+01   0.0000000e+00   0.0000000e+00   8.0000000e+00
   8.0000000e+00   8.0000000e+00   4.8000000e+01   6.0000000e+00   6.0000000e+00   0.0000000e+00   9.9990000e+03   8.0000000e+00   8.0000000e+00   8.0000000e+00   8.0000000e+00   8.0000000e+00   8.0000000e+00   4.8000000e+01   0.0000000e+00   0.0000000e+00   8.0000000e+00
   5.0000000e+00   5.0000000e+00   2.4000000e+01   1.2000000e+01   1.2000000e+01   8.0000000e+00   8.0000000e+00   9.9990000e+03   0.0000000e+00   5.0000000e+00   5.0000000e+00   5.0000000e+00   5.0000000e+00   2.4000000e+01   8.0000000e+00   8.0000000e+00   0.0000000e+00
   5.0000000e+00   5.0000000e+00   2.4000000e+01   1.2000000e+01   1.2000000e+01   8.0000000e+00   8.0000000e+00   0.0000000e+00   9.9990000e+03   5.0000000e+00   5.0000000e+00   5.0000000e+00   5.0000000e+00   2.4000000e+01   8.0000000e+00   8.0000000e+00   0.0000000e+00
   3.0000000e+00   0.0000000e+00   3.0000000e+00   4.8000000e+01   4.8000000e+01   8.0000000e+00   8.0000000e+00   5.0000000e+00   5.0000000e+00   9.9990000e+03   0.0000000e+00   3.0000000e+00   0.0000000e+00   3.0000000e+00   8.0000000e+00   8.0000000e+00   5.0000000e+00
   3.0000000e+00   0.0000000e+00   3.0000000e+00   4.8000000e+01   4.8000000e+01   8.0000000e+00   8.0000000e+00   5.0000000e+00   5.0000000e+00   0.0000000e+00   9.9990000e+03   3.0000000e+00   0.0000000e+00   3.0000000e+00   8.0000000e+00   8.0000000e+00   5.0000000e+00
   0.0000000e+00   3.0000000e+00   5.0000000e+00   4.8000000e+01   4.8000000e+01   8.0000000e+00   8.0000000e+00   5.0000000e+00   5.0000000e+00   3.0000000e+00   3.0000000e+00   9.9990000e+03   3.0000000e+00   5.0000000e+00   8.0000000e+00   8.0000000e+00   5.0000000e+00
   3.0000000e+00   0.0000000e+00   3.0000000e+00   4.8000000e+01   4.8000000e+01   8.0000000e+00   8.0000000e+00   5.0000000e+00   5.0000000e+00   0.0000000e+00   0.0000000e+00   3.0000000e+00   9.9990000e+03   3.0000000e+00   8.0000000e+00   8.0000000e+00   5.0000000e+00
   5.0000000e+00   3.0000000e+00   0.0000000e+00   7.4000000e+01   7.4000000e+01   5.0000000e+01   5.0000000e+01   2.6000000e+01   2.6000000e+01   3.0000000e+00   3.0000000e+00   5.0000000e+00   3.0000000e+00   9.9990000e+03   5.0000000e+01   5.0000000e+01   2.6000000e+01
   8.0000000e+00   8.0000000e+00   4.8000000e+01   6.0000000e+00   6.0000000e+00   0.0000000e+00   0.0000000e+00   8.0000000e+00   8.0000000e+00   8.0000000e+00   8.0000000e+00   8.0000000e+00   8.0000000e+00   4.8000000e+01   9.9990000e+03   0.0000000e+00   8.0000000e+00
   8.0000000e+00   8.0000000e+00   4.8000000e+01   6.0000000e+00   6.0000000e+00   0.0000000e+00   0.0000000e+00   8.0000000e+00   8.0000000e+00   8.0000000e+00   8.0000000e+00   8.0000000e+00   8.0000000e+00   4.8000000e+01   0.0000000e+00   9.9990000e+03   8.0000000e+00
   5.0000000e+00   5.0000000e+00   2.4000000e+01   1.2000000e+01   1.2000000e+01   8.0000000e+00   8.0000000e+00   0.0000000e+00   0.0000000e+00   5.0000000e+00   5.0000000e+00   5.0000000e+00   5.0000000e+00   2.4000000e+01   8.0000000e+00   8.0000000e+00   9.9990000e+03
